2000
1600
1400
1600
2100
2900
3700
4400
5600
6600
7800
9100
10500
12000
13500
15200
17100
22100
19200
20800
26300
24600
29300
28000
30200
35400
34900
37300
43200
44400
50600
50200
56700
56300
63300
69900
82600
73700
76400
83000
79300
82700
89000
92500
96300
111900
109600
115500
122300
118300
122700
128900
148900
138200
141600
147900
149600
172700
182200
168600
180400
183000
188600
201600
199200
206200
213900
233300
224700
232000
295500
382000
228300
133900
50900
74300
93300
26700
27400
30500
35400
30300
28700
52900
31300
46300
35300
33600
36700
35300
38200
36800
39800
38200
41000
48800
38900
42000
40600
43800
44300
44800
48500
49000
50800
50900
51500
50200
53500
54600
55200
53800
57300
58400
59100
60000
58900
273800
70600
64500
65500
66200
67200
68600
69300
89200
71700
72300
73900
75100
75800
77100
78100
79500
83600
81500
82500
84700
85000
85800
87300
89900
90000
90900
95800
94500
96200
91900
98100
94500
95800
97500
98400
106800
104700
107000
112600
105500
105500
107900
109000
127400
112000
112300
113200
115700
144500
124000
130900
127000
127600
128200
134800
132100
133700
137500
136600
137700
141700
141200
142700
144100
145600
147100
148600
151000
145600
147000
149400
150100
151600
161900
162500
162900
164800
167100
170500
170100
172200
173000
176000
179300
256400
239000
233300
274500
229100
234100
230800
237600
280600
219300
226500
230100
233400
289200
280500
840400
260900
313700
258900
259000
244200
243900
243900
340700
271100
258800
371000
265400
258300
264900
259600
258400
258600
258700
246800
246500
246900
259700
262000
259100
264800
251200
36900
37000
36800
37100
37400
37400
37600
38300
38000
38400
38500
40500
40700
41300
41300
41600
41900
42200
42500
43400
41500
41700
41800
42200
42400
44700
45200
45200
48600
45900
46100
46600
54900
45700
45900
46100
46400
46500
46800
47200
47400
47600
48200
48200
48500
60600
49200
49400
49700
50100
50500
50700
51100
51500
51700
52000
52300
52800
53000
53400
71300
56300
56400
56800
57400
57700
63000
55900
56200
56800
56900
57400
57600
57900
58300
66800
59000
59500
59800
60000
60400
60700
61100
61400
61800
62300
62700
62800
92300
66300
66500
66900
67400
67600
73300
65800
66000
66400
66800
67100
105600
71000
71100
71500
72100
72200
72500
73200
93900
74800
103800
75000
75300
75700
75900
82300
73500
77000
77300
78000
78300
78400
81500
79600
79600
80100
81000
90400
78000
78600
79000
79200
83200
83500
83700
87600
81500
81700
82100
82500
89000
86700
87100
87600
88200
88400
89100
112700
89800
90200
93700
91700
116100
340100
156400
93800
101400
94300
94500
94900
95200
95500
96000
109500
96800
97300
97600
99200
98800
99200
99400
113800
100300
100800
101400
101900
106600
98500
99200
99700
119600
104500
105000
105400
110100
102100
102500
102900
103700
128400
104400
104800
105500
105900
106300
106900
107100
117600
108000
108500
109000
109400
109900
110900
111000
118400
111900
112200
112800
113100
117700
114100
114800
122400
115700
116000
116500
117000
117500
118100
118500
138800
119400
119900
120600
120800
121500
137000
122500
187200
128500
128900
129700
130100
130800
125700
126300
126900
127500
127800
128200
128800
129300
144500
130500
131000
131400
131800
132300
133100
160900
133800
134300
135100
135500
135900
148200
145400
143300
143900
149100
139300
139600
149900
140600
141200
141800
142400
148900
158300
150000
150500
151500
151500
152300
164900
159200
153900
158400
154900
155500
298800
238800
158700
195100
159100
159100
171800
160700
161000
179800
161600
162800
162800
163300
176400
164700
165700
159200
168600
186900
168400
168800
169500
162800
163700
165900
164400
171600
172100
176400
189900
167100
167500
168200
168900
171300
170000
170300
171100
171500
172300
185700
181900
182600
181800
188200
188400
183500
188200
181500
193000
191400
187000
180000
180500
181000
191900
189900
196200
183500
198700
201700
196100
193600
198600
187000
189800
188200
189100
189700
190000
192700
191500
191900
192500
193300
195700
194500
194900
195700
205400
215700
197700
198300
198700
199600
202000
200600
201400
201800
206200
203200
203700
204600
205100
207700
215400
220100
208000
210500
209000
209600
210200
221900
220400
225400
220700
227200
232600
236100
224300
226800
234200
231300
218100
218600
233200
230700
229900
230700
246700
231800
229100
223800
227100
225300
225800
226600
231700
227800
228700
229300
231700
230700
231300
231800
232700
235100
233900
238600
235200
237900
236800
237300
238100
255300
254200
240200
256000
264300
257900
251000
246200
244300
245000
245500
248200
247100
247500
248600
272500
327500
286500
292600
275600
263800
5406200
307800
266000
8085300
298900
347300
288000
322200
273100
969200
333400
298900
300100
320700
358900
290200
329300
302800
302500
446900
314700
282600
280800
282000
281900
286100
284100
284100
287700
285600
286300
291000
291900
289100
289400
293400
291000
312900
295000
294200
294700
301300
295400
296800
297200
302100
299300
299400
331200
300900
301900
308600
304100
304000
461900
306800
307500
327400
309200
309900
321200
312100
303400
322100
315400
301200
327500
302800
313300
329300
317800
315800
329600
307300
308300
327700
327800
310300
332500
330100
312800
376000
339200
328300
351700
330700
317500
341400
319100
319800
345000
334100
326200
345200
323800
324600
339100
336300
433200
377400
343400
349000
342800
331500
352400
332800
342000
348100
343600
353200
336700
337600
352000
356500
339900
358300
341400
342300
363500
355400
358300
352500
346500
361000
366200
365600
398500
350600
360600
366900
361100
371400
354700
355700
375600
369400
367400
366700
359900
375200
378100
362500
621600
375500
399300
375300
393600
385000
368300
400800
380300
409300
387100
383500
397000
374300
396100
393300
376900
399800
378500
441700
396000
395900
390300
382900
405400
399400
400100
386300
391400
411900
402000
415900
390800
405400
414200
393300
414800
411400
433800
410000
397900
424900
410600
421700
401400
409300
403000
403800
412200
405700
415600
407500
412200
416000
410000
420600
411900
441600
422500
414800
424000
416500
426600
418500
425900
420300
421000
442000
422800
435900
424600
432300
426700
433800
428300
433100
485600
431000
441900
441600
459700
434700
442300
437000
447200
438600
439400
448000
441300
482500
443000
451200
444800
452700
446800
454800
448900
459800
450500
451500
452500
467600
511000
466200
468400
457000
528500
478800
483100
460800
510100
479300
472500
464700
497000
466600
478100
468700
480400
470500
482800
481100
512700
474500
483100
476100
491900
478700
485600
480300
487900
482300
489500
483900
491800
486000
493700
488200
499200
489800
500200
506700
566200
533300
523100
505200
498300
500300
498000
532100
501100
518300
502800
507700
504600
508000
506600
513400
508600
526100
525400
535000
527300
515600
514600
517600
516700
517800
520700
519600
522400
522300
544400
550300
571600
553800
566200
570400
566200
571800
562300
551300
535100
533900
570100
568400
564100
1085800
598700
674500
566900
566200
569900
596200
576800
573500
570700
575200
598500
580400
708400
572300
588200
571400
554900
576100
571900
564700
559700
585500
589300
588800
582600
575200
588000
584000
596300
585100
572500
571500
574300
573400
640100
603900
577100
596400
591000
610800
616700
585000
584900
584400
587600
586300
589100
590300
589400
592300
591600
598700
610100
595000
628100
612300
600000
614600
619900
603700
647900
603500
622800
605800
606800
620300
632000
615900
629100
621500
641900
628300
615500
618500
617600
620600
621800
621100
624100
625100
624700
627600
637700
641500
645000
656200
656900
634100
635200
634300
657500
669500
637700
641000
640100
641000
644200
643500
650300
665900
680600
673600
650900
651900
651400
654100
655200
732600
659000
658700
657500
660900
665200
660700
664700
741300
665600
682200
675500
723700
669500
54513500
706200
1656200
1171100
1361100
11181800
2186900
699900
1616700
685200
684700
685500
684500
789300
720300
752800
720000
722000
920800
788700
1261900
736100
729800
730200
750200
3056100
780200
26749100
759400
770500
2952300
759100
1887200
753000
726000
746100
763100
739600
734900
716000
734800
773000
737300
720900
738900
753100
768500
766600
799000
804200
780400
766700
749000
732500
765200
750900
755300
760500
738500
775100
757000
757800
773000
776100
762200
796100
771100
761900
768700
774200
770800
754300
767500
774600
792800
787800
760500
793300
797300
838000
783200
783600
767700
786600
787300
791100
784100
809100
795900
794300
794800
795000
817300
839700
816900
810800
801800
802100
828900
823700
807100
808500
809800
803600
802300
813400
814800
815700
834800
837400
809400
874000
840900
808400
809300
843800
809900
813200
815600
815400
816500
836200
817400
854600
821700
823000
843800
865900
826800
826400
829400
859800
883100
859900
853600
860300
837100
836500
839600
885900
842200
844000
844700
845800
849400
937400
887500
865700
882900
868100
991600
872300
873300
875600
858400
906600
904100
914900
957300
883400
867700
868700
891600
907500
873300
874500
877900
893800
922800
880700
881600
882500
897800
885300
901000
14242200
19935500
1026800
1499200
1044800
1042700
966600
1070200
1010400
6048500
1040200
958900
947200
947500
944100
946300
946700
948700
951600
953700
952900
955400
955700
967300
946400
961100
920400
944200
938900
992400
944700
958800
944500
965300
955800
973200
949700
966800
952400
969800
955100
972400
958500
975000
965000
1001400
985200
979800
985500
969800
970500
972100
973200
974700
980200
1009000
963200
964400
965800
995700
968400
1028300
992200
977900
1017600
1046900
1009600
983100
1019200
1041400
1052800
1035700
1001600
998100
1032500
1064400
1012600
997500
1000400
999700
1005100
1022600
1007200
1028400
1050300
1045600
1009200
1011400
1051200
1014400
1015500
1369400
1036700
1057300
1030100
1025000
1023800
1026600
1047100
1039900
1029300
1033100
1070100
1085900
1038600
1036400
1083900
1043300
1042800
1041700
1046900
1052100
1072400
1063100
1048800
1052900
1084700
1056100
1055000
1056000
1057300
1135800
1103000
1062000
1063400
1064500
1065800
1067900
1069000
1070000
1082200
1099200
1074400
1081500
1077500
1119900
1095000
1082000
1086900
1112800
1117600
1088800
1094800
1133000
1134700
1108300
1097500
1097000
1115600
1139900
1145300
1102600
1105100
1105300
1106700
1111600
1110800
1144100
1127200
1117200
1116300
1116500
1141000
1120200
1188100
1131400
1158700
1126100
1127400
1129000
1163900
1141200
1135300
1134900
1142500
1201800
1139000
1218600
1142100
1146300
1153000
1183500
1157300
1183100
1170700
1152400
1154200
1155600
1168400
1160800
1200200
1168800
1220900
1171900
1165800
1199500
1172600
1171000
27952200
1425600
1278500
1223100
1227400
1226300
1226000
1229300
1230300
1230800
1239200
1238900
1230700
1187300
1188800
1190200
1203600
1225700
1225400
1210300
1261200
1237100
1231500
1216600
1284400
1227900
1228800
1224800
1260000
1244700
1242900
1228900
1261400
1241400
1256600
1236800
1277700
1278000
1241300
1259500
1244500
1245800
1247100
1266000
1272800
1260700
1256400
1338100
1267400
1250300
1259500
1267700
1294900
1251000
1250900
1252400
1253600
1256300
1306100
1274600
1281500
1261900
1263600
1265000
1267700
1267500
1269400
1314400
1279300
1285600
1282700
1472800
1279400
1280900
1286300
1318700
1291400
1297600
1296800
1295100
1296200
1307600
1689800
1297900
1299800
1300000
1301400
1304100
1304100
1379700
1383200
1314700
1315600
1360900
1492200
1326200
1327600
1379900
1322100
1322300
1323700
1326000
1325300
1328200
1367700
1385500
1333700
1337800
1336800
1337000
1339400
1345300
1395600
1348800
1350900
1398000
1433600
1524100
1370900
1386800
1355200
1357100
1360500
1360700
1362400
1372600
1538900
1409100
1414000
1388100
1379900
1378600
1391300
1406100
1379600
1379900
1413700
1383800
1451600
1619800
1563600
1390700
1393400
1394200
1395100
1397800
1416100
1425700
1408200
1448800
1427100
1407500
1407400
1437200
1474000
1417500
1463200
1424600
1429600
1425300
1450700
1495900
1518200
1434300
1443500
1444600
45599200
2442000
7757500
1478000
1447200
1455400
1447200
1551700
1453100
1457500
1458600
1465700
1526000
1506100
1454200
1458400
1491900
1479000
1462300
1479600
1515200
1468100
1468700
1556600
1488100
1506400
1493800
1510600
1493500
1517300
1533400
1521800
1501300
1567200
1527900
1505300
1544100
1494000
1500500
1513700
1520600
1501000
1503600
1521900
1507500
1508000
1585100
1527700
1512900
1515700
1516400
1519200
1535200
1574700
1606700
1575100
1540200
1534300
1562500
1604300
1562000
1564200
1554600
1726500
1551500
1581000
1544500
1547100
1549300
1549200
1552100
1583700
1607600
1565700
1601600
1560900
1561300
1580700
1585000
1566600
1569400
1570500
1572900
1573500
1673100
1578600
1579100
1596200
1583600
1583800
1623100
1587700
1605000
1639200
1599000
1634200
1627700
1647600
1602600
1602200
1605100
1606500
1622900
1705300
1612400
1612400
1615800
1617100
1632100
1676900
1622600
1658100
1626700
1685600
1686400
1665800
1644900
1638900
1651300
1647400
1672200
1753300
1747300
1697800
1681800
1698100
36382400
1769700
1764200
2552200
1832500
1859100
2047300
1770900
1759200
1763000
1758400
1749000
1769200
1769000
1731200
1712600
1757700
1722300
1733200
1746300
1757400
1730500
1731300
1711700
1754600
1776600
1752300
1749100
1742200
1801700
1778800
1761500
1729200
1784900
1758300
1726500
1761500
1724000
1809600
1721000
1722800
1750500
1792200
1729500
1731400
1731900
1736300
1784200
1738400
1739000
1782400
1744000
1762400
1803700
1748300
1751600
1802000
1755000
1785600
1793600
1760500
1762200
1781200
1765100
1859700
1836100
1800400
1773400
1775600
1806600
1817600
1781100
1782800
1803400
1785400
1865700
1790700
1792300
1794000
1844100
1871800
1822900
1871200
1835400
1805400
1823200
1919300
1821800
1812700
1829200
1849700
1892200
1828700
1821200
1824300
1855100
1892100
1912700
1834200
1950400
1835500
1853600
1904000
1841400
1878000
1844300
1846700
1941100
1850800
1852700
1884300
1873100
1922300
1874800
1860800
1914500
1913400
1898500
33692500
2152700
2118200
2180000
2119300
2103800
2183200
2132300
19776100
2147300
6259700
2153600
2000400
2037500
2004400
1989100
2000000
1993400
1960300
1961900
1966900
2024600
1972900
1975300
1996900
2047600
2000800
1974600
2028600
1941900
1936700
1993900
1934600
2004800
2043500
1956700
1985100
1945600
1943300
1943700
1947300
2171700
2009400
2000300
1965300
1966100
2008600
1961300
1963200
1963500
2237600
2047300
2004100
1972900
1974500
1976500
2036800
1989600
2052900
1986900
1986700
2072200
2000100
2007800
2043300
1995600
2047100
2010900
2015100
2019000
2019200
2069200
2056000
2057000
2109600
2118200
2037800
2032500
2034000
2243000
2102700
2134900
2060400
2032100
2062100
2054000
2085900
2067800
2051500
2105300
2049500
2048200
2050100
2052100
2083700
44682300
2218800
2216200
2110000
2070900
2088800
2082500
2153100
2087600
2180400
2090300
2111400
2163000
2131500
2116900
2121100
2137600
2402900
2091600
2107000
2112200
2182200
2100200
2102200
2229800
2181300
2133900
2193600
2144600
2166200
2181500
2182000
2139000
2167500
2200500
2150100
2138400
2178500
2160400
2323600
2172800
2214400
2171900
2172400
2216100
2177700
2200300
2181300
2227600
2175600
2157300
2173300
2206100
2216300
2237600
2181300
2184500
2265100
2177100
2175200
2217500
2298000
2245300
2215300
2217800
2219400
2418200
2265700
2281800
2246300
2260200
2234000
2240900
2299900
2411300
2266300
2211100
2228200
2245200
2280900
2223200
2385200
2258000
2284400
2260900
2229600
2247500
2266800
2310600
2237900
2255000
2258100
2299700
30103900
2253700
2290600
2306600
2330500
2267400
2258700
2294200
2319200
2308200
2358900
2315200
2303400
2384300
2323700
2368300
2337600
2382100
2347000
2329800
2333400
2372400
2340200
2338100
2363300
2359000
2359200
2399000
2350600
2372900
2427400
2357600
2335100
2339400
2385800
2323800
2321900
2382500
2436600
2332700
2363600
2362700
2433200
2360400
2339300
2372500
2424600
2380900
2347800
2379700
2429500
2425800
2401800
2374000
2376800
2430500
2396500
2381700
2400800
2407000
2377200
2375600
2412700
2464400
2387600
2428300
2416600
2423300
2394700
2417700
2425300
2464800
2403500
2417700
2419800
2466400
2438100
2439900
2429300
2472600
2481300
2418800
2473100
2484200
2445900
2427500
2447100
2475400
2537000
2515500
2505800
2552000
35290700
5943700
10971300
2691500
2562500
2563500
2565600
2553800
2536500
2543200
2581000
2529700
2516900
2568400
2538900
2610000
2506500
2534300
2483800
2485000
2488300
2526100
2578900
2492900
2514100
2581700
2551800
2514500
2566600
2514500
2507300
2512300
2572500
2594700
2525800
2562000
2560400
2527200
2560400
2531500
2598900
2578100
2550300
2556500
2560500
2547700
2543000
2564300
2602600
2554700
2644000
2640500
2735100
2787700
2578300
2736100
2660800
2570900
2571200
2597600
2580900
2609100
2865300
2663800
2589400
2646300
2611800
2612600
2706100
2622900
2669100
2822600
2659000
2631800
2718200
2613600
2617300
2643600
2677800
34941600
2723000
2706500
2693900
2685600
2678500
2679000
2670500
2655300
2794900
2656000
2668100
2682900
2680200
2708900
2717100
2740200
2689000
2678200
2680000
2700500
2730000
2684500
2688700
2742500
2761800
2695700
2814800
2699000
2699200
2701300
2752800
2731100
2728400
2781500
2898300
2735900
2831600
3034400
2712200
2996900
2801200
2739500
2882200
2803600
2849100
2967500
2727100
3037000
3037700
2744000
3074400
2782700
2758000
2944000
2952200
3050500
2814800
2842000
3056500
2854600
2795000
3053000
2799700
2806100
2953200
2825700
3081100
2860400
2841900
3292700
2792700
2968500
2937300
2803900
3246200
41224800
2927400
5854400
5249200
3614200
3819400
18081200
10106000
3416500
2955400
2970200
2960200
2918900
2960000
2947600
2903400
2972300
2999600
2893700
3001400
2936800
2946800
2978700
2932000
2977600
2951000
2941200
3035300
2963400
3076200
2991800
2917300
3005600
2903000
2961100
3059700
2982200
3202400
3014800
3233200
3238900
2926200
3000100
2955000
3027700
3213600
2969700
3033300
3035900
2980800
3262700
3001400
3076700
3045100
2982900
3407500
3059000
3171000
3049900
3066500
30585500
3489200
3177500
3092200
3139000
3105000
3146000
3169600
3061800
3105400
3055600
3091500
3166700
3090000
3150200
3069300
3185000
3187400
3356300
3253000
3099900
3081200
3008100
3625100
3012600
3034500
3148700
3097700
3687800
3140100
3098600
3440000
3513400
3362400
3133500
3312800
3112700
3237800
3177100
3114000
3099300
3139400
3158200
3414500
3116300
3175800
3098600
3096900
3157000
3090300
3091200
3140200
3100500
3099600
3114800
3106400
3071900
3150100
3099600
3117800
3143400
3084400
3120200
3116600
3191100
3228800
3255000
3365800
14366700
20835800
3624300
3248200
3262600
3254100
3212000
3248900
3199700
3181200
3270900
3222900
3194700
3216300
3186500
3240400
3250100
3216900
3266300
3234300
3219200
3254000
3408200
3232000
3235400
3283700
3262400
3193400
3227600
3229400
3231200
3226500
3195000
3189900
3229400
3236200
3211700
3275500
3219300
3234100
3232600
3322100
3209600
3226500
3240900
3231300
5376300
4517000
3559400
3465200
3812300
3374700
3316200
3466900
3383600
3645200
3390900
3349600
3323700
3328400
3415600
3333200
3318900
3403700
3375400
60490800
4345900
14454300
4742200
4642300
3771900
3813800
3816100
3750900
4099800
3790600
3781600
4111900
19330700
24407000
4111600
11145200
6772200
5380000
22304800
35309200
4468100
3889000
4906700
9503500
4070900
4963500
4079600
21146900
5099100
7716700
4169600
16694400
14751100
18910600
35133900
33200200
5250200
4375800
3987800
3958000
4019600
4879700
3998200
15487000
3804800
3808600
3606200
3533700
3537500
11722500
3506500
5009700
3713000
3581000
3605800
3587200
3582500
10076300
4657100
4131800
3632800
3580700
4109900
10908200
3650800
6069400
3612800
3601600
3803400
3686000
3564200
3527500
3578200
11726200
3605100
6639900
3639500
3637300
3653800
3599800
3727400
3588200
3546500
6595100
3781300
3764800
3776300
3880300
3705800
3721200
3611100
14416600
3905400
4492200
3709100
3669600
3775200
3824500
3832300
3732000
4004300
3840400
10755500
6312200
3757200
3773500
3926500
3864100
3816900
3712500
3817100
3750300
3659700
3669200
3758300
7450400
3746400
4072200
4105800
9000900
3640600
7505200
3769200
3747900
4282700
4032100
3663100
3680400
12203500
3677000
7668400
3800400
3862400
3854500
3912900
3774200
3766900
4657500
3895300
3813700
3982100
3941100
10588900
6272600
3816700
3877800
3949000
4101600
3909900
3911500
3778100
3942600
3771300
3841300
3774100
5228200
3972200
3847600
3882100
3980200
3845100
21094400
4035300
4142400
3901000
3864000
3862000
25161400
8474100
4261900
9645300
25055500
4645800
25110500
4895500
4478000
7316000
4508100
4557000
50731300
15736600
15756800
4073300
4936500
4065500
4119300
4069200
3984000
3855500
3944400
4272700
4427600
3918100
3996700
4189900
16960400
4380400
4012800
4632800
4671800
4004600
3984400
29606100
4317300
4509000
4397900
4585800
5308100
4605900
5128300
5717400
4927700
4464900
4850100
6842100
5019900
4177300
4085400
4219700
4917800
4948400
4150200
4153900
15603700
8138500
4416300
4119400
4160600
4274700
4038900
4168100
4216300
4002600
4022400
4109300
6087500
4101600
4096100
4224600
34344200
4462700
4342700
4113100
4132600
7591200
34409300
6038000
5700700
4595200
6549300
4863600
4872900
17656700
6801700
5563300
4742400
9963200
4493800
6912400
4526700
4331600
4205200
23000200
4347700
4235700
4336000
4455000
4157900
16676000
7247100
4654900
4202100
4266800
21867000
4923300
4602900
4408100
19548100
4619200
4585300
4196200
4270700
4145100
4406700
4202600
4230800
4306700
6358800
4236900
4208700
4249600
35911900
4684600
4500800
4227000
39990400
4957700
5092100
4818900
8339600
35859100
5901700
7133100
6867200
4711000
4570400
5916800
4357500
4271400
4300300
21803100
4443400
4305900
4575300
4333800
4300900
4515500
4437000
5098600
4900700
4510500
4585300
4512700
4811100
8741200
5045100
4781300
4851100
4400200
21377500
4394500
4608400
4469500
4397700
4520100
4413500
4326600
4377200
6652900
4651300
4817200
4832200
35207100
4945600
4729200
4429200
8803900
4744100
40767200
4871400
5911300
8865100
20018400
16646000
5805700
4959500
4651900
6460100
4449500
4923700
4459600
23875000
4773500
4568700
4594100
4441700
16749300
4734900
5313500
4590500
4487400
16146900
7227800
4986800
5056700
11392500
9391700
5381800
4613800
4848800
4648300
4558400
4617100
4409200
4444500
4406500
6244900
4520800
4525300
4525300
31818500
5059400
5012400
4935400
10695100
10844800
5009000
5196600
5032200
10712100
9798700
5076100
5676000
5181500
6278000
6112200
25850500
5149100
5634100
5074000
6797200
5041000
4674400
4835100
4667900
4639400
18222800
7680800
4640200
4648600
19482700
4873400
4809600
4911600
20575200
5158300
4951100
4688400
4735000
4618800
17209600
5471800
4870300
4683700
4879200
4738800
4607000
5114500
6198800
4656500
4749000
4820100
4667100
4581500
35600400
4820400
4764800
42914000
5058800
5196500
40290200
5764800
6179800
5216500
5214800
5493900
45049900
12847300
5437300
5535500
5497000
5378400
42369400
5965200
6377800
5165200
5625400
6203300
6042400
5783800
6723700
5822100
5769900
40813300
12455200
16662000
5362100
11159200
5318100
23840300
5535100
5509600
12158200
5702200
5655000
37139200
5452600
5996500
5926000
5451100
5220300
5315300
19383400
7596200
5940700
24315100
5370700
5479400
5089800
16732300
5858900
5111200
4972200
4934500
4883100
4784000
6747500
4955300
4981400
5147200
5005400
4799700
33781200
4972700
5027400
4971300
16650000
5896100
5582000
5515200
25610100
6320500
6888400
5467900
6440400
13167100
26212800
4989600
4984400
5108200
5064100
4907400
18241400
7735900
4997900
5070700
21032100
5689100
5331200
5046900
20614200
5009800
5461500
5115900
5036100
17277400
8287100
5261000
5340100
5159300
5044700
5259300
6722500
5013200
5110200
5137200
4984600
5236100
30715400
5095000
5092700
16792000
39892400
6557500
6012300
34323600
6457000
6269400
6380700
7387300
5551900
5265000
5337500
5104400
5184300
21822800
5274300
5215200
21866800
5341400
5305100
9751100
5731600
7168600
5866700
5884100
5475200
5080100
5179500
8817200
5346300
5361900
5288800
5131900
5089200
6885200
5143400
5218600
5317800
5112800
5132600
32336100
5709600
17701100
5867900
5966600
6073200
31786000
19429000
14897300
5968900
6021800
6439500
7502900
5680100
5573600
5389200
5272100
17637600
8105300
5438100
5380400
5326200
21504400
5314700
5783400
21758700
5860300
6103300
5433600
5886200
8277900
6061500
5481200
5535500
5410300
5293800
7287200
5293900
5375700
5433300
5241600
5321200
31592100
5411200
5459900
18559800
34350700
6612900
6124200
11446800
6575000
21940500
6528800
6270300
7712300
5611000
5432400
5778700
5366700
5478300
23633900
5506100
5534800
20541500
5628800
5514600
9970300
15400300
5731200
6204400
5450500
5383600
20734500
6150300
5542800
5638000
5565200
5436400
7404600
5437300
5524200
5560200
5405000
31812700
5971300
5578500
18390500
6648400
7711600
24119100
7047500
6330700
16854600
16956400
13336400
6426400
7367100
5554600
5642700
5709500
5421200
17844900
10445100
5567900
5855000
20771300
5759700
5901700
25133700
6330700
5592600
5731200
17116400
5920000
6542900
5749200
5741100
5681800
5502300
7347100
5659900
5742900
5662600
5488600
19386900
10609100
5725900
5789200
15381600
7099200
7884000
6670400
6138800
18422100
6624400
6388300
5760200
8956400
5765400
9416400
7140300
9172800
5983800
35401900
6245700
5744900
19629900
10533500
36783500
6763900
6559200
21176800
6388700
5799400
19031400
6006900
5829100
5794000
5977500
5626400
5666200
7758100
5796300
5858500
19985200
6150100
5907300
19976100
6460800
5915000
6236100
5774800
17486800
6354300
6534600
5872800
15889700
8066200
5843200
6262300
5872900
5783100
6365300
5750400
5803000
9809300
5836600
29783100
6484100
6145200
43543200
6546400
13109600
34336300
10207400
6415900
5821300
5944800
5752900
5793900
8043700
5903800
5908200
22334400
6359100
6253200
21665400
5910300
6531600
5985400
5938400
17506900
7192000
5975500
5974700
18536500
6103500
6273600
6011500
5930800
6219500
5870200
5826400
8260100
5900300
5993800
33326400
6414400
18204300
36342800
12754500
17690700
26928500
7496700
6766300
6065100
5925800
9891000
6017900
6054300
22982900
6209400
22540300
6593900
6257700
6121200
5904900
9982400
6178000
8527400
6238800
6204400
20861500
6701400
6423400
6149900
6861500
6008800
6001800
8493200
6089600
6196600
29686500
6747600
6103600
23911600
6924400
7088700
14053100
13541400
38484200
7591700
7186500
6487500
6208500
8044100
6318600
6266800
23315900
6377900
6527300
21474700
6207300
7005000
6175700
18434300
8378900
6257100
6313500
19040100
6411600
6648000
6387200
6194800
6978500
6194000
6174900
8552600
6274100
27261900
6751300
6394500
23396200
35286500
13185800
17593200
11578500
6363600
6330700
6325600
19514300
9461300
6431700
6371700
22739500
6755200
15104800
7545100
6301500
6666700
6365200
6310200
6375900
6213800
6365300
6964600
6355600
9515300
6259500
8404100
6351300
6606500
6331800
10992600
9435900
10492400
6400500
6444200
13410800
7020300
6397300
6563400
6271300
6314700
6867500
6407600
6647900
6340900
9637600
6342500
7044200
7163000
6452700
10016800
6309700
8261700
6441000
6842000
6365600
10930800
6296800
9597200
6484300
6608800
12320700
8213300
6534100
6610300
6574000
6333200
7347200
6548300
6803500
6564800
6404000
23213300
6709800
6539200
27267600
7111800
6640700
21043100
12295900
16157700
19235600
7309600
15794300
7479300
7011800
6678500
6728400
6600400
6426300
6968500
7099900
6598400
17809200
7284400
7019100
6728900
6555200
15570900
11362400
6647700
21097300
7004600
6797600
26450100
7475600
7370300
6973500
10408000
7630400
7126300
6903000
9555700
6605000
8251600
6768400
6875300
6522400
10289400
6533600
11077100
6674700
16743300
7945800
6866000
7165800
11837600
7977000
6864000
7145900
6748200
10150800
6620500
8324800
7016900
6763600
9828500
6873300
8249600
6803100
7003400
6692400
27550100
6944000
7078500
9192400
7490100
40137900
6866900
10858100
7938300
7002300
12293600
7223500
9352800
8895100
7621200
7499500
6838200
6719200
10769300
6899500
16794300
8080300
7014600
28948800
7335900
6835900
6913400
6940700
6839500
7991400
6933800
6923600
17281100
7218200
7120400
7019000
6883100
20397200
7058100
6976200
7030400
6941400
7824900
6964800
21005300
7363000
7345500
7294300
6921200
31753300
7041300
18272900
7101700
7190600
7057500
9585200
7135500
12502300
7143600
7095700
7131300
8222400
7232700
7198300
24848600
7508200
7047500
6956500
34411700
7076800
7241300
8589300
7171200
7249400
7013400
16286200
11141300
7135600
16102300
9542700
7247000
7657000
7104500
10707900
7134000
7811400
7073900
35582100
7785800
41769400
8119200
8719500
9992400
34725900
8363800
7509000
20815700
7684400
7175300
7342600
6960500
7842400
7301500
7159600
21753900
7290100
7475400
7215200
33799100
7810100
7348500
10772300
7282000
17399200
8320200
7315500
7824300
7194000
17053800
8728200
7474300
7366700
7286800
7579000
7310700
7446300
7248900
7118700
31383700
7330900
23885900
46457000
10378700
25991900
8011700
9270800
13463000
7995300
7508900
7408200
7263500
7221800
11658400
7406000
27732300
7930800
31526200
8651500
11299600
7293500
8357100
7378700
7405800
19872700
7444800
7802600
7415000
18319000
11154100
7390900
7508600
7207900
8341300
7399000
32824100
8642700
7541300
47408900
29532300
8412200
11811300
15306800
7525100
21194200
7674900
7912900
7422700
8224700
7434200
7810600
7466800
19896600
9304300
7594700
40613300
8244500
8289600
7836900
11025500
7611200
19256800
7951100
7962700
19759300
7688100
8899100
7570300
7609000
7351300
8422200
7562500
7582500
30113200
8145600
19613100
13913000
8494900
8727700
26356500
11958000
30078900
11371500
14471800
7802300
7804200
7641500
9327200
7545700
7985600
7489000
19794900
11509300
7914900
40131200
8053900
8109500
8263500
7638400
7755800
21795200
7913100
7876700
10155700
7844900
8097500
7618500
10317100
7721800
9801400
7708200
32298500
8411200
18069900
44673400
8757100
8723700
14931700
26854700
14863600
12755500
7837300
7834000
7845500
8454900
7836300
24064600
8330400
7935700
33786100
8007900
7988600
9461800
8053700
8242400
7827200
18107200
11618800
7838200
18903000
8457700
8337400
7842100
9222500
7832900
8388800
7699000
30592000
7907800
22446400
10047000
9990900
15503200
15225500
9215500
13057900
24308500
18216700
9180600
8715600
18472700
9078400
8582700
8213500
7894100
9198500
7985500
8228600
7831900
19310300
11619400
7964600
41175700
9080200
8335100
8351700
7852900
17960200
9575900
7971500
18630500
11801600
8353900
8028400
17504500
10854300
7983700
8079500
7825600
8750900
8074800
29615700
9108700
8326100
52820600
13806200
28224600
8093600
10223900
8065300
21094900
8304200
18315900
9061400
8334600
8051300
16872300
8812000
8739200
8139700
19170800
8163100
8344200
8044800
8124600
7986400
11472700
8221700
22767700
8338400
30787200
8824900
8313500
10978900
9028100
9665600
8422800
8274400
8561200
8846800
8512200
8054600
19508100
12211100
8358800
20063700
8964500
16353100
9581700
8391200
8514200
8106600
19522800
8611200
8511500
8228800
9476900
8409500
8436200
8142500
16770000
11219800
8259000
27331200
8534900
61569800
10346600
17238200
9751600
8439900
8289100
8502900
8126500
8847200
9800400
23494600
9002600
8586600
30424400
8597000
8569400
8244300
8804100
9065000
17751300
10526800
8393700
8573200
8187600
16012400
9623900
8438000
8473000
8559700
9226200
8552700
24846200
9098300
8455200
34220600
8676100
22721600
11220000
17790700
9286400
10689600
8489100
16784300
8487300
11620400
8914600
9018500
8803900
8445700
13540300
13581100
8564400
23142200
8692000
8767400
8353400
47462100
8532000
10293100
8698200
27005600
8849400
8757400
22180600
8888100
15244600
16841900
9711700
8438600
8533900
8814800
9887300
8829100
25375500
9244300
8655100
9896000
9491500
8651700
10974200
8471700
11923500
8751400
23080300
8879600
8799100
13171000
8511000
11238200
8767300
8813600
10207400
8769400
12907100
8978700
9182500
9172100
8580000
13434500
9187600
9092600
13327200
9119400
9613300
8869700
8631100
12971500
12145000
8772400
11490900
8984400
9324700
9070400
10485700
8759000
9788300
8942500
12548500
8795200
44027700
9234000
12383700
11516400
9098100
8884000
9823500
8856400
18280900
10446100
9412800
8926600
16459800
11278800
8833100
13726300
10659300
8871100
9068300
8732900
11605300
11425400
9037800
26530200
9281600
47190000
25392100
15084700
27128100
9401300
10185500
9525400
9302000
10220600
9450200
133740600
10610300
8969400
9330700
9249000
8982000
9111500
8968900
8982800
9119300
8803700
8770600
8751500
8942100
8690200
8704100
8721500
8762200
8702300
8691300
8730200
8703800
8653100
8734400
8761200
44085600
28154700
14058700
21695200
10695900
8994700
8904600
8930600
8867200
8848200
8896300
8738100
8852600
8805100
8842200
8726600
8911200
8963400
8804500
8895300
40368500
28215700
9028000
8912100
9019200
8753700
8828900
14772000
13075600
18509900
9330400
8814000
9345400
8878600
8933000
8946700
8875800
9088800
124754800
46722000
37698500
10211200
22849800
9658900
9363100
10319100
12185100
9288700
16547500
11212000
9365900
25950000
9810800
9293000
13294600
12362200
9262800
9486400
9693100
10081200
9476400
9121200
14072100
13777800
9310300
11932300
11460600
9502600
12946000
10372000
9822800
9342200
12074100
10755400
9675400
41231900
10111100
46536900
43110300
10642900
10103300
18111200
14546300
10556500
23027200
11151500
10207600
14209500
15749600
10561300
10543300
15223800
26510400
10982200
10168900
28027800
10088800
16865800
11712400
10365200
9729500
9643800
13609200
10051700
22885000
10232500
18394700
10164100
12232600
17163600
10580500
10454500
10226700
10177800
11194600
10289300
20015100
12464900
10215000
33591700
11425600
11828600
10276800
9574200
9720500
9513200
10673900
9599400
18797600
9657100
9995200
15829200
11802700
9706200
16174600
10669800
9707600
9702200
10560200
9843400
10148500
17465200
10342800
10276200
27650400
9885900
9891200
12670300
12841800
9769500
9797500
11678300
9896800
15232100
10760000
9889700
10409500
14074600
10918100
10343900
14146800
11068800
9875400
9958300
12272900
9653700
11800400
9835000
80797200
20516100
10540600
10226200
11172200
10062800
16849800
15161200
9809200
12645100
12199300
10105100
16244300
10616000
10392000
9981500
9657600
11778800
9798500
13531300
11405700
10045400
10008000
20390900
14867900
12866900
13633100
11013800
10086000
11076900
10047700
10044000
12777100
9918200
14656500
14844700
16640200
10586600
14619300
9973000
12138300
10241200
9799500
12415600
13094900
10181400
10419200
10405200
9897600
19414700
10223200
14254000
11594400
10049100
10202100
10158300
9863500
13829200
10235200
12584400
10126900
14414800
11128200
10457100
10081100
14454600
11777200
10471000
10352900
11160200
10134400
10263500
13788100
9892900
12401700
10269600
19407200
10571500
12781700
11281500
10536700
10017600
10086600
10033900
10969800
12843000
10556900
11118000
10293300
13340800
9918800
12132200
10177400
13987500
10778200
13138300
10965000
10344300
10638600
13345300
10083000
11185500
15205500
11523700
10374700
10449400
13210800
10094300
13028700
13319900
11765400
10473000
12845700
11136400
10312500
10323800
12589600
10730900
10810000
27894300
10607000
10508000
22251400
12359900
46178400
15540200
11311500
10445800
10610000
20265200
12079500
10860300
27801300
12574000
26694200
11302000
10583200
11454600
10421200
20646200
11097100
10787100
32127600
10502800
10443600
11396800
10776100
10432200
18804100
14468700
19855000
12429500
20537200
12653600
10815900
10469100
10388900
12502000
10697400
30843300
11102700
49243700
25322500
27277200
10987000
18634600
13303200
10743100
19602900
12162300
12803800
10617300
10328500
12231900
21351500
12306200
35409900
11012900
10942500
10421400
14525900
19701000
11903800
10969300
10640300
21170200
10770900
20078900
12092500
10982700
11861500
10762300
10889400
33874200
10846800
30378700
29254000
21367400
19608300
12703200
22843300
11117700
10750400
24363500
11093800
10836200
11923700
10928500
10725800
21315700
12304900
36363800
11689400
13232100
11092200
10927500
22532600
11263500
19404300
11689300
11308000
19527500
13865200
10927300
10904500
12083100
30925800
11588800
10879800
63756300
13394900
22267600
14142200
13854600
15520900
11248700
17581500
11868200
11280500
11137500
10842600
11044100
24541000
11720500
10999800
33799000
11281100
13604200
11473300
41955800
25431900
46391000
15040000
12405800
59443900
13904700
68883100
28183800
26956300
60786900
13120100
12836700
11236500
22181100
14193200
12315400
46187200
19109800
13487800
26324000
12423200
24762000
12144800
20399600
12435600
11766500
12694200
12003300
11400100
34435500
48570200
15209200
37900300
13696000
23823300
12130900
11200500
25202800
11995700
11562700
12774400
28228600
12689400
11292800
38822900
12007000
12852200
12339700
22348900
13224900
27955100
12290500
26082600
11761300
11191800
11161400
16804100
35510600
12388600
52403200
24198200
42240100
25328500
12148100
27791400
12204100
11742900
11247800
16100200
27650700
12129800
39644200
12191700
14387600
12210700
28985700
11756800
21157200
17004000
22723600
12223100
12443100
16233700
13046900
37158500
27642800
14754300
13478300
54010300
43663800
12606100
26409200
12296700
11893600
12990600
12256100
11638800
16231200
40820400
12189200
13984000
12120200
21880300
15438100
27058100
12435000
11977800
23803400
12346500
12550600
12662100
38009700
12800700
77646300
20408600
20461900
26918300
12727200
12534200
12176500
12700300
16359500
12347200
27578000
11779000
37214600
12854200
16730900
28674600
15487900
22634800
14914900
26648300
12802600
12199800
11954800
16651000
12417900
31050700
52777200
25946000
11979200
13455000
13488700
12005800
25862300
12414700
13718400
23962500
13024400
11890200
27137400
12630600
12739600
12799400
12910900
26578800
12346000
28797400
42523400
18889800
17056300
12831700
12043700
13287200
13704800
32812500
21732400
14008000
16164400
16873700
13174700
12578700
15178000
12471100
20966300
12817700
12155700
29159200
15060300
13270900
13187700
12051000
12259300
12548500
18121300
14578500
16394000
13333100
13417800
19428500
13898800
13199300
20285600
13183700
22427200
12604100
12657800
31659200
17124000
15107900
12779300
15861400
16931900
12599100
13532100
12921300
20584500
13214600
15954400
17049100
13000500
33812600
16867100
44502100
19463500
13409900
119871200
18441900
12973800
12570300
12487100
12112400
12202900
11924700
11869700
11592600
11774200
11879600
11615800
11606000
11777500
11793400
11792200
11595900
11664700
11684100
46712200
12775800
11803100
11800500
11831800
11805900
11627300
11687800
11790600
11969000
11724900
11685100
11646300
11713300
11837100
11756700
11989800
11767600
46198900
12109200
11911900
11865000
11923900
11665000
12177100
11956800
11878500
12190400
11973600
11969900
12338400
12526300
12431400
12446400
12562900
12600300
49605100
13735800
13698800
13218200
13408100
12350500
12358100
12608400
12430000
12199900
12244900
12185100
12362300
12775500
13216100
13370500
42737900
12311300
12444000
12394900
12545200
12732300
13580700
13427700
13463600
13432100
13481200
13397400
13571000
13457300
13660500
13333500
13363800
66025000
13037700
13860700
14339500
13594900
12672800
12328300
12598900
12747600
12860800
13712100
17322600
15887800
14332400
60236600
34963900
12697800
12419100
12537600
12555800
12500400
12552100
12725400
12306900
12428900
12333800
12534500
12486700
44482700
12560300
12454600
12392100
12300900
12585400
12407500
12166000
12130900
12156900
12155300
12176100
12241000
12187700
12216000
12306200
12162500
12398200
39616700
13204000
12240600
12169600
12272900
12231100
12157500
12279100
12165400
12648000
12285900
12248100
12464700
12223700
12272100
12354100
12523000
12222200
66372400
12521600
17839100
15841700
12751500
12703800
12641600
12387100
12406000
12361800
12521800
12287700
12401300
12383500
12353600
42019600
12949200
12820700
12827400
13190700
12732200
12562400
12339200
12427400
12450100
12590400
12382100
12704200
12473900
12571300
20639400
13063300
56566400
12928400
12739500
12966600
12777700
12581500
12649900
12675000
12553200
12638400
12663400
12605300
12802000
12763000
12676500
12764700
46705400
13311400
12718800
12755100
12723000
12567400
12574400
12862600
12544500
12610100
12561600
12564100
12975900
12498700
12682000
12546000
12648800
82605800
34575900
15206800
12920200
12870400
12821800
12789700
12587600
12770900
12769500
12728200
12782700
38011100
13265000
13119200
12872000
12885300
12805100
12746800
12648200
12659300
12730700
12887400
12771400
12649500
12726600
13176200
12754600
12771800
73485100
13850100
13746400
14454400
13373400
13563200
14751700
14009300
13303500
14060700
13656700
13564400
13495100
13757600
48808000
41811500
23122600
13209500
13471800
13337500
13124300
13110700
13091400
12973800
13163100
13250800
13250900
44518600
14169600
13076600
13177800
13591100
14723300
14951100
14217500
14892200
13930100
13381300
13705100
13484500
13724800
13748700
13752100
51760100
57514500
55463900
19293800
14342700
13616600
13535300
13347600
13508600
87896200
14218400
14045600
14162000
14101500
14502400
15915800
14734700
15548300
14518600
14261100
13842800
54937400
13753000
13675700
14100000
14130200
14008800
14357900
14865200
18937400
16826200
16392300
14436300
14695900
14793400
67091000
57035400
22884500
13662900
13574300
14056300
13728100
13906100
14117100
14168000
33414300
13602200
13620400
13627900
14483800
13806800
13597500
13661900
14209000
13616700
13586900
13580100
14466800
13769300
14841000
13838300
13411500
65641400
47539000
13996800
13696900
14087600
14379100
13578200
14041700
15274400
14449200
13682900
46967700
14605300
13667800
13668300
13573000
13373800
13688100
13389000
13503400
13431500
13341500
13426600
13380600
13434300
13613200
13430600
46255400
17438800
39126600
16178200
17143800
17712900
21352500
29943900
18736300
25911300
33124000
21113500
19141900
30385800
13776600
13776300
13549500
13717600
47567800
16083100
14960100
85716900
49507400
16521900
46600700
37206600
30617500
16892000
43799500
38976300
17336600
16911900
14580900
13823500
13824600
13786800
13783100
13619900
13977200
13634800
13632300
87283300
20753000
40007300
26209600
14556600
14666500
13979800
13945300
13923800
48052100
28324700
14326600
14523700
14324600
14171500
14201200
14235700
14459100
14231900
14822700
14475000
14496600
14693600
62525700
50840000
14279200
14292000
14237100
13979700
14017700
14055300
13830700
14026200
14110400
14059800
28367800
14023100
13816100
13882300
14014800
13882300
13902100
13821100
13949100
13793400
13825700
14143500
13923100
13931100
13951800
13957000
52399300
16020600
37975600
14084100
14241100
14407900
14215500
14129900
14084200
14102400
14089900
14289000
14147200
14547200
26811800
14520900
15023500
14920800
14305800
14171100
14283300
14295800
14136000
14631400
14334600
14101700
14237700
14007700
14002200
28336600
14249100
14321900
14229100
14039800
14229000
14209300
14141300
14333700
14245100
14257000
14126400
14237700
14206200
14098400
14144100
46342600
31238400
14444000
14379600
14327200
14374900
14138200
14317800
18462700
17508800
14892700
14533800
14309800
14322200
41672400
15113400
14589500
15329400
15207800
15268200
15068600
15138400
14871200
15191600
15620600
15093600
15144900
15542500
57453000
44101200
19124000
20761800
17384500
16285400
17840400
15312800
14902600
14993000
14695300
39284100
17636600
14814000
15879800
14983600
16484100
15886400
17790900
16737900
15682700
15426200
16922800
15258300
15148600
16479500
16220800
15692300
15301000
16955100
16170700
18941900
16268000
15514200
16088800
16208400
15552700
15714900
15194900
15164300
16727400
16118100
15516900
15407300
15557500
15364700
15425500
21310200
26622400
21083800
18741100
17049500
15720500
15994900
15588600
15406100
15470000
15046900
15388400
15453600
17136700
15783500
15578100
15899200
16287300
17690100
18036000
16043000
18447100
17475300
16127900
15145600
15449300
14997300
14886300
14999900
14990500
15035800
14904800
14801500
14758300
15941900
15022900
23472600
16013200
14967800
14937100
14989900
14981600
15196900
15049300
14966400
15081600
15001600
15643200
15019900
15213200
15669500
16155700
17116900
16209800
16478100
16165900
19089800
17262200
16335000
15718200
15311800
15289000
15409000
15738000
15759900
15194700
15398800
15343200
15589400
15354200
15359900
15377300
15493500
15344800
15041600
15460100
15417000
15409900
15760300
15396700
15558000
15794900
15549500
16597700
15549500
15542200
15600400
15749000
15883900
15837400
15101600
15394300
15114300
15279400
15007700
16008100
16706900
15654300
15189900
15576000
15819900
15400500
15382200
15653500
15317800
16759000
16987500
15959100
15758900
15309200
15241000
15304800
15230500
15416800
15428100
15791100
15513100
15481700
15845800
15488100
15346000
15336000
15283300
15190200
15444500
15699100
16138700
16160500
15799500
16106100
15716400
15623700
15467200
15438700
15444100
15444600
15295300
15278100
15289100
15508100
16256400
18534400
15411900
15625700
15505500
15644900
15588100
15424400
15472300
15511000
15420700
15292000
15825300
15578100
15662900
15903000
15779200
15733500
15389000
15521200
15549700
15467400
15796700
15682400
15689100
15550800
15392400
15645700
15557500
16901100
16710000
15537000
15527200
15719700
15525400
15447900
19719800
16055300
15666300
15794600
15690800
15759000
15857200
15786600
15702100
15856800
15513200
15539900
15745700
15553900
15800300
16504600
15943100
15972800
15947500
15912400
18370700
16041500
15646200
15693800
26565500
20229900
16035600
16006100
16352100
15735500
15787000
15794600
15804700
17007500
16305200
17355800
17003100
16537800
16427000
17518900
16411700
16544900
17210600
16757000
18302900
17214200
16860600
16515100
17152800
18561700
18079500
16600500
16827000
17087700
18895700
17602800
18475400
16467200
17398200
18265000
16955500
17246000
18423200
17012000
17516700
18127900
16349100
16846000
16701300
16654000
18146500
17303200
19032000
16376500
17866900
16863200
17455100
18358000
17544100
19144500
18412000
18316600
18492700
19143400
17135800
17811400
18531100
19079800
20295800
17645300
18448600
18709100
18552900
17610800
30862600
26961900
22038300
19323700
18516800
22769400
26672300
19782100
20034500
19974800
18298400
21074300
19212900
25089200
20549900
17655400
19434000
24716000
23268800
28218300
18396100
17263100
16895700
17083000
17381700
18594900
16797600
17245700
17423700
23700300
40895000
26605300
22989700
18941700
19263400
20463800
21163300
19390100
22448400
18983100
19700900
19090700
20762300
18962300
23989100
18032200
19524100
18149900
19463400
18712200
19646900
17963500
20937800
18112600
19033500
17219300
16773300
37539100
23914100
18884700
22555800
20622500
19479700
17646600
17079200
17402500
17229400
17522100
17215500
16997300
17042800
16953200
16941500
16958500
16759900
16841200
16868100
16668800
16443100
16767500
16874600
16735800
16828000
16847600
16555100
16692200
16606800
16676900
16768100
16779100
16693800
16560400
16780100
16627800
16554200
16587200
16583900
17034500
54294400
17713400
35833000
34580700
19641800
33175600
17372600
17408500
18189000
17177500
16996500
16677800
16634500
16701500
16817000
17072200
16833800
16648900
16832900
16733900
16723900
16782400
16737800
17089300
16691600
16786300
16678300
16675600
16742300
16912400
16741400
16838800
16702200
16697400
16822800
16795700
16885200
16758100
17101500
16779500
18426700
17462700
17137600
16869800
16733700
16885000
16892800
16930800
17907700
19221900
17307400
17070000
16929500
17081200
16885000
17155000
17280800
17176100
17074900
17280400
17105800
16921300
16932300
17089100
17234900
17357400
17296600
17106200
17596100
17089500
16957600
17161800
17026500
17890500
18618500
17434800
17429200
17316800
17173600
17238600
17232600
17254500
17128900
17244000
17120700
17605200
17169800
17158100
17384200
17175700
17174400
17584600
18001400
18230300
21887800
17679600
17496900
17140900
17316000
17270400
17331100
17158900
17218400
18128400
17694800
17351800
17520900
17160200
18766800
19082700
17530600
17669500
17566700
17559100
17184900
17169400
17257300
17360300
17364100
17831400
17260800
17436900
17318800
17459800
17295100
17360900
17186000
17774200
18068600
17865600
17625900
17290500
17467700
17635900
17396300
17481200
17552900
17797500
17540300
17450200
18189400
17782400
18848500
18414200
17781600
17522600
17614200
17717500
17655300
17618000
17525400
17540000
18057800
17599300
17604900
17433400
17624700
17548500
17438700
17463500
17496000
17492200
17514100
17505600
17651600
17438900
17670800
17497800
17696500
17800700
17841800
17604200
17549800
17555500
20948800
18210800
17779900
17980400
17760700
17621000
17673500
17823000
17644000
17795200
20139400
21595300
27394300
25647500
30420300
23625600
20646800
18851700
19778100
21648100
19368200
22283200
18801000
19234400
23014700
20320300
23371700
20081300
18683500
18576800
18592300
21205500
23941700
21036800
21535700
21372100
23753000
19823600
23917100
18672000
18356300
18592900
18151100
18258700
18223800
18208900
17861000
17973500
17872700
18138200
18164100
18248200
18158500
18148300
18085200
18006400
18163900
18218200
17898700
18081300
18073900
17933900
17962800
17972500
17873100
18126400
18213800
19577000
18419200
18301500
18097100
18029700
18029700
18326800
18090600
17954800
18013400
18038200
18031300
18549400
18785400
19198600
18256500
18299000
18326500
18392100
18445300
18094900
18196100
18411600
18255300
18282700
18256400
18191500
18174900
18183600
18288900
18148400
18254100
18345400
18328000
18233600
18244800
18221200
18375900
18303800
18216400
19206100
19670100
19287200
18898100
20580200
20670400
19981900
19092400
19022700
19721700
19118700
19170800
18845400
19073200
19700000
19317700
20009600
19085000
19167500
19814000
19285900
20350600
19273200
19271900
19075400
18961100
19392200
19599300
19250700
20651400
18899100
19683700
20714800
18973400
19852300
19372800
20208600
22496000
20654800
20029300
20743700
20896100
20838800
19200000
20758200
20748000
21875600
19534700
19431500
19268500
19310300
19061700
19214600
19665800
19931700
19007300
18938600
18811300
18912300
19003100
19046000
19375000
19490000
18803500
18945900
18974400
19216500
20281900
19343900
18784900
18711500
18983000
19000200
18733500
18670800
18724000
18806900
19260700
19117000
18843700
18704500
18705200
18670500
18881800
18750100
18709700
18921100
19297700
18810900
18887200
18748900
18716900
19747700
20727200
20925200
20111000
19540500
19767900
19580100
20511300
20702800
20123200
20647900
19841400
19410800
19078100
19054000
18967900
19152200
19000800
19019800
18843300
18910800
18912400
18964500
19075200
19026500
18889800
18965900
18911600
20926500
20863000
19710500
19130200
19164100
19196300
19184600
19330700
19182900
19176900
19112600
19019400
19006100
19216600
19133600
19327200
19441300
19214900
19442300
19266500
19075000
19312900
19082600
19052700
19113700
19394300
19230500
19568500
19349600
19845500
19223900
19590000
19678300
19420000
19248500
19418200
19552200
19835300
19696600
19259100
19374400
19267000
19366300
19128900
19406000
19323900
19312200
20126300
19727200
19536400
20097900
19501500
19645300
19262400
19343900
19328600
19679600
19763100
19740500
19472700
19704200
19512100
19400800
19479000
19348300
19380900
19349300
19416900
19411700
20448600
19552800
19484400
19574000
19823500
20800000
19827900
20801000
21094800
20271000
20185600
22098100
20222800
19982100
20691500
21786200
20037200
20798700
20972900
20903400
20438100
20027500
19930000
21221000
21243700
21059900
22171900
21366100
21190100
20589700
20043900
20473200
20184700
20157300
20137900
21168100
21164600
20458900
20762100
21055300
20441300
20695500
20674600
20185600
20976900
20047800
20821300
20711500
20470100
21832100
20780800
20205200
20782900
20885400
20678400
21183500
21223200
20453300
20633700
21131200
20756600
20682100
22520000
20901000
20828300
21168800
20560200
21469900
20882900
22362800
20906100
21735400
21382100
20644900
21304400
20172000
20719000
20321800
20149100
20072900
19950100
19938100
19947600
20439800
20367800
20026600
20474400
20128700
19963900
19997900
19939700
21526400
20479200
20044900
19929300
19928200
19980200
19994900
20716200
20823800
20637700
20347000
20339900
20639400
20308900
20230400
20173300
20172000
20121000
20136200
20021200
23352500
22700400
20764000
20479600
20370000
20271900
20484200
20187700
20205100
20296700
20938100
20101400
20379100
20499400
20320900
20264600
20324700
23068300
21288400
21364300
23438900
20481900
20254500
20732700
20656700
20723200
20367800
20493600
20386900
20280300
20390100
20487700
20299200
20335800
20653100
20342500
22185400
21458700
20777200
20759900
20996100
20619100
20602200
20517900
20336100
20506200
21244700
22689600
21274600
21188600
20902800
20851900
20701900
20508400
20503700
20464800
21580400
20519500
20581300
20620300
20672200
20752200
20440500
20524000
20564100
20548700
20594900
20470700
20449700
20480700
20619900
20838400
21564400
20674600
23267800
20929300
20722000
20680500
20697900
20636800
20928900
20590000
20577400
20649300
20617500
20642500
20861700
20681000
20796000
20634600
20846300
20793200
20738300
20778500
20716500
20912800
21330500
20935600
20995800
21314900
20984200
20870500
20711300
20853700
20852000
20895200
20774200
20732200
20909300
21046400
21205500
20843600
20901100
20859000
20830700
20787300
20777200
20759400
20764400
20826000
20870500
21321800
21322600
21087800
21592900
21196900
21217800
20858200
21045900
21118800
21248000
20828000
20907900
21107400
21015500
21190400
21050600
21193200
20989000
20852500
21001200
21013200
20999100
20942400
21040900
21097900
21085600
21040800
21664900
22277100
21708400
21193600
21340300
21228400
21229000
21195300
21033000
21113000
21358200
21102200
21032500
21260800
21247700
21087800
21157800
21222900
21310200
21810600
21224800
21307600
21445100
21170900
21524500
21587300
21974100
21640100
21368700
21456500
22560200
21585500
21533500
21545100
22893200
21379100
21316000
22070300
22127500
22083700
21685000
21639800
21751200
22097300
21466200
21316500
21479800
21456200
21292800
21418500
21957200
21279800
21416300
21552200
21451600
21381300
21424500
21731000
21554000
21335600
21567700
21557100
21377900
21661100
22888100
22758500
22180600
22038500
21786000
21723500
21672700
21773100
23141500
21989600
22147500
21684800
21847200
21829300
26707900
25579800
22930900
25141900
23995100
23589300
23545700
23949300
66896000
48385400
26784300
31269600
45266100
25327800
25296000
23114500
23773500
21945300
22457100
23021700
22284700
21901900
21936100
21706100
21711200
21790900
21916200
22787900
22163900
21953700
22015000
21906600
22015400
22307500
21924500
22026900
21820500
21803300
21806000
21764200
22360900
22054600
22267500
24037600
22321200
21963900
22180500
22045500
21793300
22362900
21990100
21969400
21793000
21895200
76137800
120405600
31309100
25615600
31258200
23583400
23732500
24157000
23830200
23335100
24415700
25112200
27955400
27084200
44097400
28581900
28099700
31379800
45090100
51624000
40956900
78843600
35338800
33022400
22998000
22908500
22628700
25447200
23837600
24214300
24805600
23871200
24929600
33411400
27720700
23511900
23192300
23638600
23670300
22990300
23136600
23679400
40256300
23961300
23722200
23597200
23712100
23045100
22738500
22661700
22392800
22440200
22371800
22706100
23224800
23017600
23494600
23110000
23206700
25012300
24037300
23232000
23201800
23620100
24292400
23417200
23811600
23234900
23557000
22704500
23412100
23564500
23278500
23695600
24154800
23702500
23603500
23627100
22865900
22599800
22755300
22822300
22624500
35343600
27870600
26903400
23209700
24394600
24336500
24012200
22829000
22704600
22730000
22550100
22741400
22668800
23197100
22959800
22624900
22597200
22691200
22809400
24698600
22772400
22778800
23679500
38666300
23074700
23122600
23163300
23267300
22921600
37883100
47397600
30581000
54936600
43095200
24040600
23373600
23009300
22774500
22970200
22951700
24082500
22800500
22979900
22648300
23058300
22681600
22714400
23201000
22795300
22948600
22898300
22937000
23045400
23078000
23337700
23078200
22918600
22984600
23397400
23506700
24368200
23135600
23000400
22911700
22985700
22966900
23147600
23178700
23655500
22955600
24329900
23950000
23590800
23097600
23176200
23092300
23214000
23515100
23188700
23320200
23077100
23201900
22995100
23161000
23434500
23561700
23173500
24527000
25235800
24237200
23596900
23564600
23656200
23298500
23527800
23481000
23380800
23550800
23340900
23976800
23424300
23586100
23066600
24100600
23319600
23288000
23360300
23093400
23265500
23175300
23270500
23506800
25128400
23499000
23292400
24729400
23281800
23473500
23526800
23360100
23542200
23267600
23332400
23392000
23274400
24906000
24123100
23991000
23506000
23796800
23698400
23495400
23265600
23704200
23321100
23450000
23789300
23389700
23371900
23349000
23330800
23288700
23451300
23463600
23805100
23546100
23644000
23319400
24500200
23861300
23622400
23425800
23612400
23532900
23523600
23704300
23575200
23423200
23455100
23511000
23565200
23558400
23607100
24642300
25628000
24143200
24164100
23688700
23703500
24011500
23798300
23522600
23733900
23975100
24178100
23966700
24129700
23893300
24670700
24315800
23816700
23951200
24344000
23843000
23990600
23667100
24315000
23707500
24886400
25346200
24661200
24350500
23920600
24051400
24120600
24180200
23969700
24455800
24031100
23919600
23880200
23949300
23783200
24184300
23891000
23872400
23856200
24174300
23829600
23879100
23824500
23973600
24999200
24988000
24152400
24010500
24105400
23896800
24185100
25021500
24586400
24169200
24192100
24773100
24790000
24520200
24374200
24306400
25006500
24197500
24131400
24069700
24135100
24051000
23978100
24048400
24070700
24247400
24359300
27715300
24487500
24145400
24224400
24169600
24632800
24897700
26248400
25529000
25541600
25500500
28513200
25053800
25475800
25119900
25299400
26004300
24787300
25598900
24978100
25460200
25350600
25883400
25364200
25268800
25517200
25900200
25720500
25234000
25534700
25930400
26235300
25439600
26148200
25345200
25688700
25304800
25389400
25715300
25311600
24995800
24875900
24904900
24690300
25248200
24709200
24706200
24473600
24659800
24549900
24796600
24481800
24493900
24531600
24549000
24849300
24467500
24408000
24494500
24503900
24807700
25152000
24746800
24570600
25725400
27756900
25462200
24963300
24828300
24512400
24978400
24688300
24672300
24582900
24665700
24501200
25417100
24942500
24984100
24829900
24922100
25519900
25061700
24616000
24633400
25218000
27095400
31027200
26666800
26632500
27682500
28116400
28600700
27795700
27373400
24933800
29925300
27347600
30031000
28028600
28535100
28131100
27036100
33035100
25178200
25686900
25157600
24926800
25358400
25137900
25251000
24977600
24870400
24911900
25707900
25589500
25121300
25434000
25521600
24776100
27836300
25312100
25526800
25539000
25112500
25225900
25003700
25179700
25558100
25080500
25237900
25369600
25135400
25357200
24946500
25026800
25321000
25223100
25436800
25432400
25554000
25251500
25695500
25416500
25283600
25239800
25142000
25316600
26269500
25281100
25945300
25271600
25683600
26466800
25720200
25408200
25541100
25569800
25756900
25792300
25260000
25319700
25327800
25487800
27070900
26409800
28879800
26890200
30382000
29983600
30433300
27106600
29192700
27013100
27513900
27827100
27621400
26312700
26394300
25571800
33004600
26338000
25846400
25619000
25443500
25429100
25577100
25477900
25360400
25371000
25547900
25454200
25577600
25380600
25697900
25563700
25574700
25984000
25979200
26043900
26114200
25796800
25932900
26077500
29734200
28336400
27202000
27014700
26964800
25989300
26009800
25974200
25832900
25922300
26120700
25980100
25901000
25655300
26066500
26102100
26601400
26025000
26405300
25828900
25875400
26043200
26304900
25608700
25703500
25761400
25643000
25699800
25658400
26806200
29292000
28936600
26697500
27252100
28288900
27231300
26591200
27467200
27634200
27219500
27634000
27010800
26864700
26873100
52202000
27746200
29681200
30031600
26593600
26755700
26781400
26453300
26381300
26612500
26197000
26158800
25959100
27152800
27534100
27435200
27088300
27891000
27017800
26384300
28736900
31323700
26908800
27054700
26521500
26270700
26588100
26369100
26001600
26590300
26874600
26172000
26552500
26016700
26087900
26796400
27889500
28000700
27502600
28470100
26660600
26749900
26549100
26811000
27260900
27440700
27390700
27757500
27964200
27994900
27486900
26618100
27423800
62889400
36055100
41710200
30778100
48750400
27193500
27081800
27015900
27740000
27492600
27135600
27038900
26647600
27061900
26473900
26624400
28489400
28281900
26835700
26768900
28495600
28430200
27572500
27109700
27618400
27460600
31177100
27684700
26764500
26762800
26852000
26795800
27656000
26716200
26835600
27309000
26825000
26910100
26458800
26390700
26517800
68833700
44992200
29156500
27766900
27741200
27664400
27941100
27362000
26596200
26794300
27230700
26613100
26701500
27129800
39344200
33118000
30965000
29810000
30945600
28544700
29864800
28275000
27812300
34125800
36824100
32405100
31899300
29622600
29745300
29996900
31566600
35278800
32361200
35277500
35549100
28102100
28318200
33152400
32877100
36166100
31581800
34824500
28829000
28171100
28404500
28399300
27750000
28075700
28022300
27969300
27925600
27804700
27942500
28605500
28120300
29170600
27916700
28207400
27489200
27376700
27089600
26851300
27436200
28407100
27738200
28039400
28031100
28383900
27783400
28217100
27991500
27231000
27347700
27673200
28197700
28169600
28032800
30062800
28810700
28361500
29752900
32596500
27956800
28142300
27991000
27689500
27561300
27581700
27453300
31104500
27910200
27514700
198053700
148254500
85969200
79232000
77354700
33941800
71206900
73637200
67931000
102489700
78987300
97036100
117134200
117666500
102371500
68505600
94261200
73953200
193957800
241606500
83897000
89450600
92253200
77894000
76342600
90975100
88629100
86275900
61583200
81758400
75656300
74262600
70331200
76875700
90010700
55631300
78909100
69817000
69933100
71830200
82041500
72652900
47655000
51274500
127239900
79621600
79474500
69502800
68214800
109206400
106161900
91037500
41603200
36408200
34312900
33567800
83189200
32982800
39699400
33123700
35472400
33207400
73136300
88050200
38246000
36728400
34414300
67108700
35172200
32986800
33660300
35373100
34335500
69652800
33505600
43596300
32188800
41522100
41484900
89988000
34650100
31618300
32862900
32299500
32899100
73049500
36457700
32592400
32887700
35325100
34070700
85664000
35520300
55653600
38798600
32202300
105622700
99456900
53553900
64997700
39250900
35524000
49310100
39262200
68815200
40931600
41754400
35438000
34799100
33616100
74024300
40518200
36991800
48809600
35384300
37702100
84273500
35215200
32556400
34599000
33431400
70271300
64934400
30629100
31838900
31875600
30899200
74225700
33548400
32166400
36757100
32727600
30652900
42001900
68988000
31969300
35692800
33450900
32888400
31477200
67763300
31044400
30191700
30304100
34735900
30901600
31215700
63696400
40427300
33120300
32636900
30231900
30471400
67507400
40996200
31171800
30665100
35090000
31206500
31044900
96017300
51851400
42742600
32552500
50040900
50898100
31808100
30654100
54958200
39005000
67381100
30664900
30512000
56155300
59808900
117147800
37307000
63429900
36888200
93843100
100077800
97729300
149293100
158916400
69014700
32979000
30755800
35338500
88293300
36921200
32593900
40503700
53281200
85249700
53302200
44055000
37374700
87656500
31962300
33331700
44488400
43791900
33516600
113667900
36450500
37393700
32387600
37445100
32576100
42902500
47196400
36942800
32236300
37796100
32679300
34748600
34953800
39680000
32768900
50487200
44565900
40156900
40495700
35173700
32407500
31652600
32167800
45737800
61388400
58570200
48907500
38255900
43136200
30568800
30316900
36907900
32443700
30450500
31476400
30297600
30691900
32292500
30989700
45659500
32292700
40264300
33845200
32760400
40145300
34601000
32664400
33415100
36030200
42469000
33756200
32582100
33189200
32063000
41012100
31270900
37426000
32472200
30824400
30685100
33693500
30664400
30634400
30675700
30845600
31444700
30974900
30851900
31416000
33440600
32750100
36902700
32933600
34508800
33898400
33371400
35451300
93754600
37353800
37266400
32301600
40638100
33330600
40125600
53793000
35059000
32596600
41602000
55178200
61911400
44798700
38074400
35962700
43317900
35924900
51716300
40551900
44911400
42851600
39970800
50634700
35108100
31451100
33448800
32155900
37847500
37624300
41490700
33394400
34785000
33261800
33684800
34619500
31634400
32402000
34561800
31668100
30954500
31771300
32074500
31327000
31464600
31449400
31345800
31447400
36055000
30920700
31263700
31355700
36368200
37980500
37494600
47817200
57448900
42437100
49377000
38465800
45578100
41994800
40883500
46044800
70881200
124131700
106711000
66555900
42375200
117001200
55279100
100857500
41223700
39186100
47852700
44066600
42891800
40395800
56821500
44889300
44646900
65785000
52952800
45781300
60961600
51500600
37543200
33730300
46564200
37128300
38524500
34051300
52139200
96861000
103797900
57389600
45404500
41239900
39998900
40928500
33778600
37388600
68253500
183001100
87403200
53062100
61846200
38465900
93482100
123504800
91162000
61313300
104658300
35325700
39464200
32291900
34922600
44261400
39965900
35096200
38651500
56722000
152774500
55850500
49030400
47038500
48535200
47658800
70554100
99334600
47718900
45598800
59846000
52797300
49959300
51812000
50557900
130275700
83139800
41457100
45406200
49381500
53098300
56140000
50033800
103828100
106214800
67563900
69236600
66085800
64557300
91929300
57419800
58971900
42687500
43213600
46685600
39929800
42549000
45146300
44026600
39439800
44991000
41773700
44907300
43277100
39958000
44246600
44472200
44348700
40684100
104536800
133855800
83680600
90379000
84187900
105423000
89721100
98070800
47967400
86321700
65806700
40008600
56287400
66554800
33969300
39058800
37922900
35354300
36330400
36705100
33561700
32874000
32917500
38032800
33918200
58175700
35965700
39878600
39665400
34015000
46725100
125532600
107377200
38065100
37908300
35168300
34700500
35175600
34887100
33975400
32626800
31727700
33498800
32720400
45064300
61617100
38350600
209236800
71501000
41141200
56219800
58210800
49419200
50638900
51815100
81271100
99149100
85970000
88783300
130144300
59037400
68821400
83598000
139582900
75225600
94237800
49229700
52267700
42103000
53275000
67835200
48244300
52117400
44042300
52557800
43227900
40825300
55157100
42891000
47371800
47782200
45563200
44192800
48285800
54266200
53712900
49166100
46144800
59387800
51309300
45899300
48175300
52143200
54299700
41360800
61844800
42284800
51196200
41484900
42140200
51632000
42417900
52202300
54854700
85933800
54535800
41377800
41025100
44584900
40287500
41516600
38148200
57199400
37718200
38225400
38475300
38476800
35866100
43145400
35982800
36277400
39430200
38399600
37686700
38090200
37266500
39844000
41755200
38223500
37013900
37557600
38160100
42291100
45176400
36539100
37750900
36455800
36407700
39112200
40473100
37250600
42178000
37248600
39565700
125957100
185097900
130965300
80789900
74561700
46343600
52301600
44551100
50435200
45219200
44072600
53594400
44579700
45659100
50737000
42177600
47685300
40722300
44330500
44635000
42489500
42629800
42193800
45825900
44183300
43578300
45031000
43595200
44161200
44772900
44276800
45116200
44913700
42230100
43560000
42907000
43210200
44561700
44768100
44523300
42681800
47801300
40947400
44402900
46198500
41902200
44026100
43450100
46034100
43598400
48066700
41602200
52032000
43529900
49120700
45543800
42946300
51334700
43865800
56989000
46830700
52303500
42653600
43123200
37770300
62202300
78974700
47031600
57250300
43473500
57324500
54130300
45591300
36832000
52052900
38511700
38265400
37189200
40433800
40005500
66049900
45028400
37568500
53857200
45493100
39545100
37333300
41900500
39098200
39903800
37454700
53645800
98158200
102121600
43271800
36895400
33911500
34224600
32905000
33063800
33137200
34108300
33838900
34750600
34992900
34167000
34767800
33773600
34248500
35954200
33856500
33598700
34090600
32906900
35435400
37521700
35286800
34206200
34820500
34464900
34663400
34837200
34076100
32956600
34078200
34881300
35477100
34849400
34484900
34084700
34794100
33386000
33720900
32801600
33346600
85596900
63331700
53340400
45471900
36635700
33919100
34445900
34746900
35250600
34534500
33401600
34236700
34157800
33433400
33563100
46519600
51452300
36491900
33764500
34822100
34861300
33978300
34072300
34020600
35042600
34941800
34501400
34190000
35367100
34293100
34252500
35292500
35238000
35171200
34409400
34229400
35084800
35110800
34920600
33511500
33659500
33447100
36453500
36126600
34300700
34243700
33198800
33751200
35380600
34573400
35346100
35986100
35963900
35167200
35084400
35397400
34870400
33681600
33247400
33182500
45593400
36780000
68972400
35093900
34146900
36411200
33658700
33509300
33626700
33753400
34669700
35403800
39716000
35212500
34763000
34526700
35214500
34970400
40315500
36646700
34393800
36189700
39016600
38580000
38244900
36745700
41729100
41403100
39370900
40109100
39601600
38305500
34802800
38475700
35481500
35317400
37762000
38529400
38917900
35493800
34260000
33915500
34405500
36331700
36937000
36833300
38547700
40896400
39315100
39230000
38865900
39568800
39762500
38153700
40807000
44160100
42771100
42358700
36447500
36758500
37329900
41139200
37347900
36393800
35291000
34297600
34299800
35456600
35800700
38416700
38859100
38652800
39597800
35896500
39156600
55020900
74390900
45561500
51689400
43188100
42966600
48225300
39279800
50751900
40972500
35197500
34467700
34241200
34322300
33943900
33991800
34819300
34087600
34134300
34202300
34212800
34058900
34013400
34882400
34762000
34136800
34441600
34213200
34174900
35510100
35144000
140412200
94133000
43779800
36198900
35080300
34743700
34848200
34771700
34710500
35291300
49983700
58718100
81365700
90163300
124678300
126363600
142149900
86429700
121764900
57140200
70251400
50364200
43887900
51521000
43306300
45221900
42833600
42567600
40783200
42604700
40814400
41151200
51787600
48894400
39127900
45207500
40178500
39589100
40566600
41318400
38633800
38198700
38833300
38636500
40899300
38872800
40669100
39738900
41259900
43336700
41294000
39785200
39824300
41184800
38839600
40392300
40128200
40759800
65909400
56574300
50465100
51212500
59723200
59557400
50202000
56160400
45393500
49049300
41480700
38790700
39490000
42055100
48438300
67731900
59836200
40769600
39433100
41718400
146369700
129678400
58483300
44849300
40937100
36434100
36596300
36430700
36161000
36053200
36091500
38464200
38480100
37101900
35548800
36765800
37708900
37638100
40507500
35685000
35267100
34919000
36241100
36132100
36155700
38252100
37613000
35328100
36208300
37690500
36404200
35680200
37897200
36022800
35912800
35334900
35334000
35556800
36654500
79896000
227832600
54138500
45781000
41881200
45925900
48321300
89720800
79586300
48578500
75513000
102524700
111376900
40490200
38541400
37287300
37093400
37347900
36986500
36909400
37084700
36470700
36154800
35699600
38947800
40247100
38384700
36775200
37025500
36657800
35703500
37506700
36754700
36592200
36424900
35511200
35727100
35431500
35696000
37528800
37671200
37037500
37379500
36154900
35731200
35860400
35684800
36383300
37159200
37115200
37480400
36660500
35684000
35852100
35658200
38735100
38289900
37415300
37387800
37727500
37377500
36097100
35843200
35820700
36050900
37187000
38981400
36887200
35963000
35880400
36319800
36164200
35925300
37083100
37925900
37183000
36181400
35989800
36284500
35864600
39156300
37798400
36958000
35910300
36059700
36019700
37255100
38235500
38166300
37167800
36436300
36164600
39869600
41346100
38883900
39738300
38411700
44199700
44460300
39274300
42709500
40618100
44486200
60111200
69079600
56194400
56765400
36653000
36412000
41762100
38755900
40137200
39840800
39796700
36663900
36552700
36793700
36984500
36270400
110157000
124843300
54218700
37713800
37200500
37926600
40301200
38198100
38513300
47046800
42665100
39214700
38205700
39081600
40056700
37833000
39197300
38170800
41363000
56918400
60329100
64606400
68458000
69202100
57468400
46388600
46756300
46757400
46736200
49568700
44265500
41871300
47641400
48621600
43744900
47518100
43377000
40690200
41913500
40895500
41834700
41122700
40935100
43742600
42348700
41147600
42332800
41065700
41876200
41417000
43206400
41604700
41199500
41458800
42976700
42358400
41488700
44156700
39569100
43672200
41004500
43132900
43254900
41740200
42923100
43270700
43141300
40429200
72923000
52968800
45438400
39629000
43613000
39067000
38909300
39791400
37831500
38851900
39770000
42129500
38812600
37339300
37585100
37377000
37257100
37663200
37243100
37139900
37215200
37135600
37786800
37456800
37638400
37330000
41739900
37593700
37343700
37497400
37764300
37432500
43348900
53529000
50337800
56661100
51650400
53734700
54061200
55674600
55650700
56119800
50088000
58099900
42250500
46364700
45015800
44533400
41142900
40286900
39760500
59425100
88019000
44901900
98999300
45621800
43642800
42357600
42669900
43533700
42750500
42262600
43681300
43278900
42662900
42335100
43549100
39590600
39294600
39393200
39049200
39234100
41506100
38430300
37928400
37457300
37308000
37514400
38664500
38988200
38851800
38814100
50871700
39123100
38542200
38409900
38218600
39945600
39098400
38687000
38378700
38631100
39656100
39745600
39496000
38840500
38741600
39411000
38965100
39467700
39209300
38699300
38731700
38670600
39058400
39719600
39122100
39870800
39324500
38955100
38830800
38713000
39010500
38541100
38570800
38851200
38740500
39404300
40307000
38904600
38645200
39059000
39423400
39159000
38924700
39174000
39060000
39256400
38791500
38753300
39842300
39054900
39279400
39967800
38808500
39000200
40348400
39402800
38682900
38157200
38341200
38255800
38388700
38414400
38058500
38276900
38083000
40508400
39474300
39462700
39951400
40814000
40596800
40604900
40905800
39587200
39377700
38800800
38824200
39087400
40541900
41931400
40835100
45537000
43430500
40381200
42031800
41771600
47057500
44490900
41602700
41183500
41706600
41727100
43027100
39658600
41253000
40832400
42429300
43113300
41159000
40827000
39999500
38861800
38670100
38534700
38395400
38418600
38924000
38702200
38517900
38417800
38686400
38619800
38456100
40891200
39123800
38845900
39303700
39327400
38883400
38868800
38609200
38696900
38959600
38853300
38677600
38584300
39103500
38718800
38545300
39942500
38992100
39006000
38996500
38826800
38721700
38895500
38912200
38750300
39756200
39406900
118949900
173929400
46028700
41365300
39550700
38897000
39275500
39782200
38898200
38817900
38963900
42273500
42461800
42669200
43488400
41759200
40509100
41960700
40567900
42006600
40743900
43246100
44851700
42792200
41663600
40843900
41330500
40420600
45210700
42273500
39822000
40047500
39676500
39447600
39194000
39356500
39913600
40156500
39127400
39775600
44417100
41124800
39681200
42135500
39927000
40811700
41877100
46347600
46191700
43153700
42268200
43331900
41808000
41325900
42733900
40832500
40972500
40436000
39644700
39167000
39383600
39474200
39578400
39477500
39491700
39214100
39309500
237177700
114943800
107218500
202039500
204943800
162315500
131530400
79422300
97803400
239027700
147951300
93503100
42020400
41171600
40581000
39392100
39541800
71397700
58224900
41715700
40255800
40524600
85760700
140539000
42782800
69702900
43440900
41467400
42849200
39706600
90455200
60275300
40281000
39728300
306421500
83994200
43601100
41207300
41748400
86881400
82130500
70674000
76701500
80092800
41931100
41604500
41478500
101019500
40781300
40752000
40354800
78849500
99997700
55079900
41043300
90010100
40839100
41398600
41290300
41087400
106123400
61155300
41337000
40252700
86751000
40518600
54160900
43895900
75163400
49128300
40443000
40122900
40422800
84851800
42798400
42566800
44482400
42044000
80029900
73433100
41566700
40299200
41758900
103747300
41597100
40262900
40138800
96343400
62378300
48164600
46749100
106835600
52826300
41822800
43002100
102026100
42346600
41491900
41676300
41474700
150820800
44451700
44070500
82789900
104913500
47243200
88286000
83845000
55619400
45665600
58211300
47969300
44210300
54794100
48643000
134977300
43132300
42359100
76848200
65846300
43669000
43078700
42496200
80486300
41520500
42270300
46846700
42342400
75239500
41338600
41309700
40962300
40927600
112093600
41575900
42089000
41004100
176477500
62012600
124689500
42543400
41428400
41063800
41037100
96598300
42639200
42874900
42627400
80061900
82388400
42397200
42856700
91970300
44397600
44147400
43940500
42786700
78397600
42761900
41490100
40922600
41241800
84828000
49534500
41658800
42086100
42784400
74852600
41790800
41340900
41484600
40938500
98263800
41843200
41493200
41503800
47637200
74201500
41102700
40855400
41011600
42619200
41432800
41642200
41684000
44520700
44454600
44047200
42705700
45207600
48308700
42270600
41584300
41454200
41375300
41639600
41177200
41257000
41287600
42467900
41762300
41142300
41181100
41190800
41416200
45797300
43251100
42538500
43060400
42241500
41708500
41734800
41471700
41360200
41389700
41458600
41321100
41579300
41952000
42219000
43338700
42611100
41283500
41695000
41659700
41875800
46077600
41829000
41906300
41550700
46396600
42675600
42102900
41708800
41932700
41522400
41977900
41490300
41614100
41719000
42070500
41528400
41944100
42049800
43590900
43526400
42562900
43647800
43663900
43664600
43739700
44004800
43330500
43925000
43414900
43362000
43751900
42643300
41841100
41871800
44599200
43582200
43195600
43481200
42066400
43428600
41891800
41668300
45050000
46192800
42539000
43644600
43776400
42148900
41895900
42840500
42338600
42311500
42027000
41912700
47600900
42020100
41961200
42029200
42244700
42595800
42343600
42111400
42080900
42821400
41987800
42202000
42524900
49165100
43155300
43049200
42183300
42536000
42766100
42346700
42084400
42153100
42241900
43379600
45860700
44239100
44259000
44121900
42422200
42627700
43510900
44557900
44462500
43928300
43393600
42608800
42147400
42124000
42392800
42106400
42205700
42200100
42167500
42566800
42186100
42650900
42472100
42167100
43780900
61050500
63581500
44893600
92124200
47665700
43411400
45039300
47822300
44500300
42878600
42502100
42497500
42620000
43033800
42907600
42968300
42685500
43813900
45995600
45661700
48125400
44310700
43950900
42887000
43413900
43469700
42881800
42920200
42779100
43036300
43142400
43329600
42917700
315298500
71530200
44678600
43148200
43267600
43152300
43088200
43346200
43540000
43687300
44573200
44940800
44706700
44365700
43499900
44853500
44564300
43491100
48807500
48246100
45354300
45519800
45416200
44906500
43746200
44619800
44935900
46191300
44961900
43871200
44447300
43963500
44546200
43560400
44674800
44885800
45984100
45018600
45057800
45138300
43704700
48020300
54606700
45553800
43859100
43992100
43944600
44852700
44768200
45022900
43888600
43541600
44432300
43771500
43820000
46406700
45827900
44593500
44552700
44989600
44507500
44059200
45786000
43860000
43788600
44889200
45054100
43826600
45382000
44006500
43738700
45128900
48215800
45073600
44284100
44818200
46031600
46439900
47299100
49863800
62919000
59357200
45668200
45629800
53149700
53528900
50296500
58185200
60709100
54732900
55667000
52471800
54633700
82320500
54806700
54186600
55046400
56899100
59357700
54116900
53308600
57942400
53887700
54710300
54470100
59731800
108604500
124618000
85412900
62750800
69030400
97535600
179601200
199763900
120365100
186453000
106803300
138022600
63869900
64904900
59471100
58743100
75637500
97263000
132344500
178783200
129659900
67993800
82140800
82770300
72837800
76724400
91898200
124983800
332932400
90890600
180075500
116230100
163827900
219668700
182022000
141079000
78857600
97816600
235323800
259965300
82122900
89100400
73395700
122391300
161856700
111296900
77926000
146298100
255501300
297753300
111896600
128523400
115315000
151904300
108097500
106290200
95911000
127516100
157605200
136233300
161985000
195445000
71160600
71887600
108045000
89179200
86874700
91846700
84388300
81416300
95364000
328339800
123206300
102310500
125866900
73925800
134959900
68802300
80885500
115350800
187965700
90283600
82436800
90176900
82478900
67331600
95257600
73698700
86962300
63206000
68338200
121224900
116944200
199817500
140947500
246812600
116187500
177356400
207357800
78670600
66543900
77419200
68716500
130566000
135024000
145499200
128260200
243844500
195697900
75423900
85327500
85839700
86575300
83578700
68561800
76101800
87348600
101608000
93838200
62863700
79810100
80058100
85251600
75010600
80617800
76834000
71538700
88338100
99648500
74619500
86150300
190315900
83012100
292174300
201929700
116003200
89011800
106858700
112166000
75101900
77020400
76944300
91968500
90436900
110070900
90254100
79006100
70783500
122010700
87337400
74525900
86785300
81807100
82369600
78170200
59672400
73403200
74589400
62837900
55746500
59185800
246900900
146192200
159741400
113500200
113366500
128336800
267553400
215997300
146094700
69849000
75323400
69697500
202373000
224201600
68486300
74470400
64833500
58366900
64458200
105861700
91442800
131837900
91267900
80946100
188375600
73939500
196057800
69896100
83452000
101589000
90461300
82482500
80325200
68049500
63534000
67760400
60553300
70595100
108056400
99341100
62621000
67606100
58505200
60034600
64814500
83543600
76086500
73784300
70732300
84561800
75755800
68109700
71078200
84738100
56766700
67245900
63991900
60815500
83583700
60202200
115318300
69274000
72458700
73871500
70351700
58572900
56889200
64745600
58650100
76969800
63785500
85648600
73951300
79134600
72684300
62378500
71398200
79681100
79337700
56855100
77679800
135151400
96634800
104122200
77508600
57059800
88679700
81256000
146333300
105277000
86003800
121373100
133425400
111283800
86488300
141742000
79801500
275562200
125580200
62597500
53915400
54509000
54718000
53677100
55673500
53785800
57924800
56230100
70261200
62381300
66031700
62661200
60616200
58602900
60306100
61751700
55076600
54823600
54620800
60257300
53458100
55567200
55338400
52875600
54611100
54513100
55454400
55356400
54940100
58166500
114451900
334166700
85096400
72141600
100180400
81899700
91059600
96972100
116003500
76043700
56793300
115046600
85924300
53951700
57868800
65312400
67425300
133315400
148099200
143385700
81883800
84650600
101838600
54778300
67401900
96719300
63101400
78295700
95706700
60319500
90998900
146434200
123246900
103775200
162537000
125550500
62370500
61308400
55839700
62016800
59495000
64036500
55171800
63840600
60528800
164778500
117600300
115390200
212309400
54157200
51685500
52959700
52132000
71389900
50247200
49019500
50139000
54451800
54210500
53935700
49560500
59134100
90595300
76773400
93129000
261530200
90656200
73817100
107464100
130037800
110631700
159090400
119102600
95240300
121316400
111286200
208997200
124806700
180350700
166539500
177133800
253623900
262145400
197113900
171723200
189466900
211701000
130026800
229203900
155815000
198337900
252760800
201340600
249638500
297395500
231304700
237369900
232216800
264533900
168280600
230881800
273927800
202442400
152285100
142412000
142210400
132921300
103454400
121034500
90465100
94137400
113677300
88872300
110338000
143495000
345256400
110832200
156288400
248867400
119781100
99727600
74699300
107537900
213614700
205688600
132932900
85927200
212030300
298163800
173733500
131633700
208620800
138352200
115145800
310177400
211929100
92147800
83103700
94095000
103697400
219017400
249181700
167419900
201239800
78436100
209980700
110380300
474938400
339474400
149658400
104879100
83731100
167472600
287541700
204481300
113749000
139994000
117357600
146034800
108354900
166479800
155089800
103249700
192968300
335463000
384102900
129118000
89135800
75826300
83567000
100533600
86205400
173108300
114146700
71295300
77230400
133773300
478520100
117271600
127660800
137941300
72472600
68705300
154493200
76571000
100387000
85182300
125750300
67922700
55773700
59382500
80142700
117691200
100554200
81720500
59283300
87913600
76097400
63943700
134701300
124989600
102609500
326557400
209011300
231111100
157656100
92673000
118270100
70006700
125269300
110087400
420565300
79715800
73397800
88430500
171442000
84728400
82409700
74633400
119829100
57273700
57611500
65677200
79619400
68646900
58772400
102014400
60980700
61725600
96238600
55402200
55667200
53550800
155619600
74070300
157458200
264327200
113839200
104810900
70778200
154651600
114436500
215099900
78286800
204062300
190469200
304682000
400696400
260622300
453954900
210442400
141108200
398064300
231026900
407161600
339370300
188706900
352428400
129649600
486080500
230229500
174309900
81668700
221566400
227138400
211046100
157294900
133772700
151010700
63361000
64804300
147734900
103650300
66577000
124329700
99739900
154958100
63328800
119471200
90507500
89938700
94764100
59085300
71667500
83621800
80896000
81583900
92842400
106351400
161530200
195232700
194628800
172725600
89925100
175209900
106498800
233316800
130692300
93355000
352142100
192426000
149647700
166246500
357879600
426625800
338967900
331469600
174646700
177368900
129806800
119354100
84950800
64156900
64214700
162803400
162883600
215069900
144936600
176128300
166150700
162252700
120202900
216843200
130464400
199201700
182201200
113508700
155564600
492977300
364192500
439861500
156094100
175558100
100222100
284769200
235614000
805525100
239480200
361860000
237123000
434072500
512135100
180879400
146862400
355297700
421193600
590642000
393336700
151413100
212188700
130288500
289814900
143066700
241139000
169392300
87380700
67478100
172628100
184601700
246209600
146467500
182776400
109495700
102522800
92727700
206046900
134511800
136185500
69796800
97230400
86741400
124137900
150061900
242878300
359788800
144540500
136674200
